"2021-3-01",Jordan,"+6,068",+26,"397,158","4,727","351,256"
"2021-3-02",Jordan,"+5,124",+29,"402,282","4,756","354,143"
"2021-3-03",Jordan,"+5,335",+37,"407,617","4,793","355,781"
"2021-3-04",Jordan,"+5,733",+40,"413,350","4,833","356,648"
"2021-3-05",Jordan,"+4,584",+29,"417,934","4,862","358,848"
"2021-3-06",Jordan,"+3,481",+38,"421,415","4,900","362,765"
"2021-3-07",Jordan,"+6,302",+35,"427,717","4,935","367,315"
"2021-3-08",Jordan,"+7,413",+52,"435,130","4,987","371,454"
"2021-3-09",Jordan,"+7,072",+59,"442,202","5,046","375,478"
"2021-3-10",Jordan,"+6,649",+60,"448,851","5,106","379,305"
"2021-3-11",Jordan,"+8,300",+63,"457,151","5,169","382,949"
"2021-3-12",Jordan,"+7,705",+55,"464,856","5,224","385,533"
"2021-3-13",Jordan,"+4,144",+61,"469,000","5,285","390,127"
"2021-3-14",Jordan,"+8,053",+61,"477,053","5,346","396,195"
"2021-3-15",Jordan,"+9,417",+82,"486,470","5,428","401,319"
"2021-3-16",Jordan,"+8,910",+69,"495,380","5,497","406,654"
"2021-3-17",Jordan,"+9,535",+56,"504,915","5,553","412,387"
"2021-3-18",Jordan,"+9,192",+74,"514,107","5,627","416,971"
"2021-3-19",Jordan,"+7,354",+74,"521,461","5,701","420,452"
"2021-3-20",Jordan,"+5,205",+87,"526,666","5,788","426,754"
"2021-3-21",Jordan,"+8,789","+88","535,455","5,876","434,167"
"2021-3-22",Jordan,"+9,269",+109,"544,724","5,985","441,239"
"2021-3-23",Jordan,"+9,003",+92,"553,727","6,077","447,888"
"2021-3-24",Jordan,9130,104,562857,6181,456188
"2021-3-25",Jordan,"+8,433",+96,"571,290","6,277","463,893"
"2021-3-26",Jordan,"+6,444",+97,"577,734","6,374","468,037"
"2021-3-27",Jordan,"+4,399",+98,"582,133","6,472","476,090"
"2021-3-28",Jordan,"+7,183",+82,"589,316","6,554","485,507"
"2021-3-29",Jordan,"+7,940",+97,"597,256","6,651","494,417"
"2021-3-30",Jordan,"+7,751",+96,"605,007","6,747","503,952"
"2021-3-31",Jordan,"+6,570",+111,"611,577","6,858","513,144"
"2021-4-01",Jordan,"+6,482",+82,"618,059","6,940","520,498"
"2021-4-02",Jordan,"+4,774",+99,"622,833","7,039","525,703"
"2021-4-03",Jordan,"+4,042",+91,"626,875","7,130","534,492"
"2021-4-04",Jordan,"+6,032",+71,"632,907","7,201","543,761"
"2021-4-05",Jordan,"+6,537",+82,"639,444","7,283","552,764"
"2021-4-06",Jordan,"+6,005",+100,"645,449","7,383","561,894"
"2021-4-07",Jordan,"+5,232",+86,"650,681","7,469","570,327"
"2021-4-08",Jordan,"+4,775",+96,"655,456","7,565","576,771"
"2021-4-09",Jordan,"+3,794",+81,"659,250","7,646","581,170"
"2021-4-10",Jordan,"+3,145",+62,"662,395","7,708","588,353"
"2021-4-11",Jordan,"+3,340",+65,"665,735","7,773","596,293"
"2021-4-12",Jordan,"+3,565",+82,"669,300","7,855","604,044"
"2021-4-13",Jordan,"+2,790",+82,"672,090","7,937","610,614"
"2021-4-14",Jordan,"+4,085",+50,"676,175","7,987","617,096"
"2021-4-15",Jordan,"+2,963",+70,"679,138","8,057","621,870"
"2021-4-16",Jordan,"+2,732",+60,"681,870","8,117","625,912"
"2021-4-17",Jordan,"+1,596",+61,"683,466","8,178","631,944"
"2021-4-18",Jordan,"+2,507",+68,"685,973","8,246","638,481"
"2021-4-19",Jordan,"+3,509",+62,"689,482","8,308","644,486"
"2021-4-20",Jordan,"+2,699",+64,"692,181","8,372","649,718"
"2021-4-21",Jordan,"+3,209",+57,"695,390","8,429","654,493"
"2021-4-22",Jordan,"+2,097",+45,"697,487","8,474","658,287"
"2021-4-23",Jordan,"+1,677",+40,"699,164","8,514","661,432"
"2021-4-24",Jordan,"+1,259",+49,"700,423","8,563","664,772"
"2021-4-25",Jordan,"+1,731",+52,"702,154","8,615","668,337"
"2021-4-26",Jordan,"+2,386",+45,"704,540","8,660","671,127"
"2021-4-27",Jordan,"+1,815",+47,"706,355","8,707","675,212"
"2021-4-28",Jordan,"+1,910",+47,"708,265","8,754","678,175"